相机标定结果:
ret: 0.03780194866251061
内参数矩阵 (intrinsic_matrix):
[[590.22500607   0.         326.23817096]
 [  0.         591.21430586 231.90697073]
 [  0.           0.           1.        ]]
畸变系数 (distortion_coeffs):
[[ 2.68775059e-03  1.09168807e+00 -8.35389918e-04  5.34597063e-05
  -3.98223939e+00]]
优化后的相机矩阵 (optimal_matrix):
[[590.22500607   0.         326.23817096]
 [  0.         598.60273692 231.68577599]
 [  0.           0.           1.        ]]

手眼标定结果 (TSAI 方法):
transform_matrix_tsa:
[[1. 0. 0. 0.]
 [0. 1. 0. 0.]
 [0. 0. 1. 0.]
 [0. 0. 0. 1.]]
RPY_TSAI (度):
[0. 0. 0.]

手眼标定结果 (PARK 方法):
transform_matrix_park:
[[ 0.10345928  0.47989202 -0.87120596 -0.04658751]
 [ 0.99462357 -0.04596583  0.09279597  0.0131327 ]
 [-0.00448634  0.87612259  0.4820675  -0.01572133]
 [ 0.          0.          0.          1.        ]]
RPY_PARK (度):
[ 50.10610943 -60.31778973   6.58281106]
旋转向量 (rot_vectors):
(array([[ 0.26989035],
       [-0.16593033],
       [ 1.65620448]]), array([[ 0.22839356],
       [-0.20147358],
       [ 1.53349766]]), array([[ 0.15358376],
       [-0.04180902],
       [ 1.58899869]]), array([[ 0.27745369],
       [-0.15593051],
       [ 1.57840838]]), array([[ 0.1693772 ],
       [-0.14386891],
       [ 1.53691612]]), array([[ 0.21006406],
       [-0.10668627],
       [ 1.66243358]]), array([[ 0.27644066],
       [-0.15351014],
       [ 1.57916006]]), array([[ 0.27539132],
       [-0.15533632],
       [ 1.57886659]]), array([[ 0.22051307],
       [-0.08773214],
       [ 1.50692008]]), array([[ 0.27746008],
       [-0.15239474],
       [ 1.57888388]]), array([[ 0.40040903],
       [-0.26940354],
       [ 1.56140772]]), array([[ 0.27787281],
       [-0.15420887],
       [ 1.57857158]]), array([[ 0.27701434],
       [-0.15578806],
       [ 1.57868439]]), array([[ 0.2757189 ],
       [-0.15302239],
       [ 1.57890119]]), array([[ 0.34639542],
       [-0.19587239],
       [ 1.4941885 ]]), array([[ 0.27735938],
       [-0.15367767],
       [ 1.5787803 ]]), array([[ 0.2770614 ],
       [-0.15174995],
       [ 1.57894116]]), array([[ 0.18097487],
       [-0.24878926],
       [ 1.4868457 ]]), array([[ 0.27841111],
       [-0.15309763],
       [ 1.5793394 ]]), array([[ 0.23784162],
       [-0.19021124],
       [ 1.45583778]]), array([[ 0.27759969],
       [-0.15434727],
       [ 1.57853522]]), array([[ 0.27146751],
       [-0.15103733],
       [ 1.5793016 ]]), array([[ 0.26115574],
       [-0.04972156],
       [ 1.6316946 ]]), array([[ 0.28326225],
       [-0.14118692],
       [ 1.5013996 ]]), array([[ 0.32856241],
       [-0.09104602],
       [ 1.54603563]]), array([[ 0.28925395],
       [-0.12907046],
       [ 1.42412303]]), array([[ 0.21975891],
       [-0.21267469],
       [ 1.610629  ]]), array([[ 0.27649323],
       [-0.15513579],
       [ 1.57883549]]), array([[ 0.27414745],
       [-0.15502572],
       [ 1.57918681]]), array([[ 0.28813474],
       [-0.26034876],
       [ 1.52821443]]), array([[ 0.32983661],
       [-0.22650644],
       [ 1.64805627]]), array([[ 0.21508409],
       [-0.09713362],
       [ 1.58460052]]), array([[ 0.26286446],
       [-0.17883015],
       [ 1.73358218]]), array([[ 0.32463802],
       [-0.10444346],
       [ 1.62316607]]), array([[ 0.27629278],
       [-0.1513683 ],
       [ 1.5789952 ]]), array([[ 0.27509991],
       [-0.1534969 ],
       [ 1.57887973]]), array([[ 0.27513339],
       [-0.1503216 ],
       [ 1.57921213]]), array([[ 0.27858123],
       [-0.15514565],
       [ 1.57858676]]), array([[ 0.38867394],
       [-0.16051965],
       [ 1.61313672]]), array([[ 0.27829104],
       [-0.15453587],
       [ 1.5785158 ]]), array([[ 0.27445927],
       [-0.15286257],
       [ 1.57918752]]), array([[ 0.33869925],
       [-0.21126193],
       [ 1.57101255]]), array([[ 0.27752965],
       [-0.15360702],
       [ 1.57876839]]), array([[ 0.27481895],
       [-0.15288983],
       [ 1.57924831]]), array([[ 0.37260608],
       [-0.05427298],
       [ 1.66730119]]), array([[ 0.27432433],
       [-0.15725351],
       [ 1.57921143]]), array([[ 0.27818597],
       [-0.15246705],
       [ 1.57950989]]), array([[ 0.32040969],
       [-0.11799901],
       [ 1.70090371]]))
平移向量 (trans_vectors):
(array([[ 0.03887543],
       [-0.02337682],
       [ 0.2487565 ]]), array([[ 0.02926281],
       [-0.02339543],
       [ 0.24887095]]), array([[0.04342954],
       [0.02597124],
       [0.24409647]]), array([[0.07049561],
       [0.01088704],
       [0.2575611 ]]), array([[0.02916168],
       [0.00108464],
       [0.24760608]]), array([[0.0374015 ],
       [0.00113799],
       [0.24750341]]), array([[ 0.05015368],
       [-0.04181122],
       [ 0.21154338]]), array([[ 0.07740398],
       [-0.02581637],
       [ 0.2757533 ]]), array([[0.05292553],
       [0.0017983 ],
       [0.24674578]]), array([[ 0.01560092],
       [-0.01952444],
       [ 0.22084591]]), array([[ 0.049384  ],
       [-0.07165406],
       [ 0.24524717]]), array([[0.04123313],
       [0.00518131],
       [0.25768363]]), array([[ 0.0739438 ],
       [-0.00812647],
       [ 0.22052333]]), array([[ 0.0483457 ],
       [-0.03146747],
       [ 0.27588722]]), array([[ 0.05570823],
       [-0.04692524],
       [ 0.247135  ]]), array([[ 0.04490981],
       [-0.01375093],
       [ 0.22065737]]), array([[ 0.01731327],
       [-0.0284278 ],
       [ 0.24853535]]), array([[ 0.01206039],
       [-0.0231522 ],
       [ 0.2483992 ]]), array([[ 0.01184619],
       [-0.00058599],
       [ 0.25780157]]), array([[ 0.03705905],
       [-0.02378536],
       [ 0.24879517]]), array([[ 0.04296745],
       [-0.00394323],
       [ 0.28538388]]), array([[ 0.05732351],
       [-0.07828909],
       [ 0.22989188]]), array([[0.06087996],
       [0.00320771],
       [0.24609186]]), array([[ 0.05428381],
       [-0.02268562],
       [ 0.24792141]]), array([[ 0.07139635],
       [-0.02077637],
       [ 0.24619735]]), array([[ 0.06193379],
       [-0.02322378],
       [ 0.2472415 ]]), array([[ 0.0216755 ],
       [-0.02356327],
       [ 0.24869524]]), array([[ 0.07567988],
       [-0.01712298],
       [ 0.24830798]]), array([[ 0.08090018],
       [-0.04466762],
       [ 0.23895107]]), array([[ 0.02946717],
       [-0.04765384],
       [ 0.24821912]]), array([[ 0.04032251],
       [-0.04764204],
       [ 0.24798126]]), array([[0.04504598],
       [0.00176098],
       [0.2472704 ]]), array([[ 0.03124123],
       [-0.02457288],
       [ 0.24883775]]), array([[ 0.06373509],
       [-0.02124346],
       [ 0.2471399 ]]), array([[ 0.0190468 ],
       [-0.03720061],
       [ 0.27598135]]), array([[ 0.05010051],
       [-0.04059295],
       [ 0.30360973]]), array([[ 0.02257723],
       [-0.05607112],
       [ 0.23920484]]), array([[0.03573178],
       [0.03311307],
       [0.26681393]]), array([[ 0.06645931],
       [-0.04541043],
       [ 0.24626361]]), array([[0.03951498],
       [0.01417291],
       [0.2299302 ]]), array([[ 0.05361252],
       [-0.05945311],
       [ 0.26679987]]), array([[ 0.04805463],
       [-0.04701694],
       [ 0.24769754]]), array([[ 0.04321039],
       [-0.00462307],
       [ 0.19298538]]), array([[ 0.05187501],
       [-0.05034555],
       [ 0.23907039]]), array([[ 0.08065506],
       [-0.01885981],
       [ 0.24504775]]), array([[ 0.10481862],
       [-0.01145237],
       [ 0.24842462]]), array([[-0.01190673],
       [-0.03419673],
       [ 0.24861379]]), array([[ 0.05618924],
       [-0.02230669],
       [ 0.24785934]]))
